57 93 91 42 67 74 91 82 96 60 84 57 87
90 86 74 100 43 78 87 96 90 86 86
95 83 95 64 54 95 56 41 98 92
87 90 46 56 53 48 69 98 59 60 96 86 63
96 89 99 64 42 60 62 79 50 56 71 84 84 77
52 56 43 86 57 78 69
81 66 42 50 76 42 70 71 88 47
43 72 65 98 86 77 94 62 70 44 48
61 82 65 80 82 95 64 53 46 54 84 100 60 67 70 68
58 85 73 97 93 63 81 87 72 53 47 78
59 100 74 70 52 98 58 73 96 94 45 42 73
84 54 63 73 97 84 45 99 86 52 97 77 89 44
76 70 75 93 77 76 58 94 67
76 61 75 59 72 67 48 57 72 84 90 61
98 68 57 76 91 99 60 48 52 51 47 76 65 53
51 93 77 42 47 90 84 70 49 62 82 66 99 51 87
41 77 86 79 55 100 80 100 87 41 59 42
65 73 74 76 56 73 85 63 51 96 99 52
47 74 53 46 62 89 57 67 45 64 97 43 73 85
49 60 81 53 63 68 70 54 86
81 77 79 68 68 82 64
59 83 59 56 62 88 49 87 87 82
92 91 47 94 72 89 96 54 61 78
66 69 80 84 58 84 94 66 60 85 68 95
52 52 79 63 72 93 100 55 59 88 83 65 43
68 86 52 50 75 74 82 96 66 47
88 59 88 63 96 41 65 70 63 95 75 69 89
82 69 63 71 74 76 100 61 49 55 67 55 45 64 73
70 92 82 44 84 63 94 41 79 43
73 95 65 41 77 55 88 61 46 80 82 93 55 89 50 95 47 76 85
51 98 85 82 64 73 97 69 75 77 59 54 64 98
65 82 85 66 76 80 91 100 71 58 85 59 99
94 67 61 80 100 64 96 90 99 95 99 100
67 92 69 84 46 70 50 45 100 87 49 68
84 54 65 65 49 95 48 71 81 79 81 82
64 68 99 95 62 49 89 63 50 67 79 73 76
99 89 75 69 85 65 52 70 92 49
88 88 79 48 83 91 50 50 48 87 76 77 83
50 86 66 41 78 99 54 63 45
89 42 45 68 66 60 79 52 88 93 62 41 86 75 88 91
94 60 70 94 46 98 84 62 72 68
99 69 44 46 71 75 80 90 48 80 77 91 66 83
87 47 95 72 95 41 54 46 69 75 44 84
64 46 76 59 95 97 41 93 80 44 41 54 73 93
90 98 82 95 49 66 97 58 56 52 75 70 46 46
82 68 53 78 46 60 58 52 64 71 83 97 66
74 79 70 47 90 56 61 89 100 62 44 56 75
44 45 74 57 48 55 86 98 91 89 97 59 81 51
59 71 93 66 76 48 89 52 82 90
66 85 77 86 73 54 55 74 56 68 46 54 65 55 43 81 72
56 83 82 68 56 93 48 74 100 43 55
92 97 74 95 92 47 45 61 62 50 65 59 46
70 59 90 57 99 93 80 56 41 86 98 67
66 100 91 90 84 59 81 95 48 96 55
56 48 92 52 91 43 82 48 57 96 93 42
55 94 71 70 82 75 88 60 99 84
57 55 41 72 98 69 80 76 91 80 80 52 49
76 61 85 63 52 53 58 46 60 73 54 42 75 73 69
65 42 63 58 83 62 91 62 73 88 60 51 78 49 55 73
84 82 43 76 74 88 76 96 86 93 63 53
100 95 86 93 71 81 63 77 81 48 82 99
58 70 74 93 76 99 46 68 58 67 71
82 89 97 51 96 69 43 43 47 72 100 68 64
68 73 56 71 92 65 85 70 76 69 90 79 62
50 95 83 93 47 95 78 44 95 51 87 47
66 58 97 89 97 65 72 53 54 73
82 76 59 68 67 54 71 85 51 80 43 56 52 55 79 45
75 69 67 87 41 64 83 50 84 60 90 42 68 43
82 46 48 42 83 53 89 63 86 79 52 99 83
55 70 67 87 47 44 79 82 85 57 64 69 100 53 94 75
80 44 84 100 46 84 100 94 69 47 92 86 53 75 78 90
45 58 100 41 96 94 74 71 86 44 66 98
64 44 49 68 90 70 56 57 43 76 66 100
81 86 63 88 85 90 54 65 78 85 70 52 50
62 58 100 79 97 44 71 86 62 59
62 94 51 88 69 94 98 97 79 45 66 54 72
80 55 95 58 46 71 78 65 48 70 49 61
60 65 62 44 98 51 76 48 81
84 44 85 78 42 63 83 94
51 98 48 95 98 98 63 89 51 59 47
42 96 94 56 85 96 63 65 88 69
92 60 54 84 63 92 74 63 48 76 93
79 96 82 49 78 72 83 78 61 89 93 53 77
94 93 48 50 99 77 42 56 99
77 51 97 42 75 58 78 67 58 52 83 76
86 47 64 73 78 43 73 98 56 78
78 90 60 57 48 74 48
66 60 80 95 47 96 72 60 75 86 56
68 96 89 60 58 94 62 89 49 60 58 51 61 71
95 100 64 67 93 55 87 75 83 71 44 42 45 43 48
76 42 71 95 78 51 95 82 96 54 64 46
83 51 88 63 46 54 64 75 79 70 79 77 79
77 88 92 57 50 93 80 95
43 82 100 72 67 65 66 60 66 84 67 79 53
91 56 100 90 50 46 80 95 83
52 87 81 48 56 81 97 98 88 59 55
55 58 87 42 88 48 47 70 49 70
45 83 57 64 59 99 57 75 59 65
77 42 57 81 95
76 77 70 94 85 77 81 65 43 52