57 93 91 35 42 67 11 74 91 82 96 60 13 7 84 16 57 30 36 87
90 39 86 10 74 100 43 78 87 96 24 35 20 90 30 86 30 13 2 86
95 7 14 19 7 83 20 19 17 95 64 11 54 95 35 56 41 98 92 1
19 20 87 90 46 56 53 48 12 1 69 98 59 60 35 96 20 86 63 40
96 89 99 64 42 4 60 62 21 79 2 50 37 56 29 71 84 3 84 77
30 4 52 1 56 34 43 38 86 22 15 38 57 78 15 28 69 34 1 7
81 17 66 33 18 6 42 17 50 76 1 34 10 42 7 70 71 1 88 47
26 7 43 30 72 65 33 98 14 86 11 77 94 26 29 62 40 70 44 48
61 82 65 80 82 95 14 8 64 53 46 54 84 100 34 12 60 67 70 68
12 58 10 85 73 97 4 29 93 63 31 35 8 81 87 29 72 53 47 78
59 100 74 70 52 40 98 11 36 7 58 73 96 4 6 94 20 45 42 73
84 15 54 63 9 73 2 97 84 28 45 99 86 52 97 14 77 89 30 44
76 35 9 70 21 17 20 12 28 75 27 21 93 77 76 39 58 94 67 5
76 39 61 75 18 59 72 67 48 27 18 21 57 72 20 84 16 90 24 61
98 33 68 57 76 91 99 60 7 33 35 39 48 52 51 47 76 65 53 2
51 93 14 77 42 47 28 7 90 84 21 70 49 62 82 25 66 99 51 87
41 26 25 77 86 79 55 100 7 35 80 100 87 41 21 28 15 59 19 42
31 14 65 73 74 16 40 6 76 32 56 13 73 85 63 51 96 99 52 36
47 38 74 31 53 46 62 26 89 57 67 6 45 25 64 97 43 73 22 85
49 38 14 38 60 13 81 53 63 26 68 34 17 70 54 1 26 8 86 36
17 81 8 77 79 19 68 16 68 3 32 82 5 19 12 27 29 40 21 64
59 11 17 83 27 33 5 59 56 62 20 4 31 23 88 49 87 36 87 82
22 24 92 91 16 47 36 22 94 25 72 12 89 28 96 54 18 28 61 78
13 66 69 80 84 26 33 58 84 94 66 60 85 68 95 23 10 23 29 6
33 52 30 9 52 79 63 72 93 28 100 55 59 2 14 88 83 65 43 18
68 7 23 39 86 31 52 35 50 75 74 34 25 82 37 12 96 66 47 4
88 59 31 88 63 96 41 65 25 10 70 63 14 95 38 75 2 35 69 89
82 69 63 71 74 19 76 100 29 31 61 13 21 49 55 67 55 45 64 73
26 70 22 92 5 12 35 82 44 84 63 5 94 15 35 41 79 43 31 9
73 95 65 41 77 55 38 88 61 46 80 82 93 55 89 50 95 47 76 85
51 98 18 24 85 1 12 82 64 73 97 69 75 77 59 54 35 4 64 98
65 82 9 85 66 5 13 76 80 20 27 40 91 100 71 6 58 85 59 99
16 31 4 94 67 28 61 8 33 80 100 64 96 90 99 95 99 100 3 23
36 67 92 69 20 18 15 7 16 84 46 70 50 38 45 100 2 87 49 68
84 12 34 54 6 5 65 65 49 95 48 71 37 81 79 10 81 82 13 17
64 68 99 95 11 62 49 89 63 5 50 67 79 73 18 76 17 1 18 4
16 14 99 89 75 36 69 85 33 6 65 52 70 92 26 3 25 40 49 27
88 88 79 1 2 38 48 83 91 3 50 50 48 5 87 11 76 77 83 16
50 86 66 41 12 29 27 38 21 26 78 28 8 24 99 54 12 13 63 45
89 42 45 68 25 66 60 79 6 52 6 88 93 62 7 41 86 75 88 91
23 94 60 70 94 46 32 98 84 62 4 38 22 22 39 32 7 72 68 38
16 99 37 69 44 46 71 18 75 80 90 48 80 77 91 35 10 66 34 83
9 87 7 47 95 72 95 41 54 46 69 20 31 75 44 35 28 38 84 20
37 3 64 19 46 76 59 95 97 9 36 30 41 93 80 44 41 54 73 93
7 25 90 98 82 95 49 66 97 22 28 58 56 52 75 70 32 9 46 46
27 8 82 68 53 78 46 30 60 58 21 9 52 64 71 83 22 18 97 66
20 2 7 10 10 74 79 70 23 47 90 56 61 89 100 62 44 56 75 3
44 45 74 14 2 25 57 48 55 86 21 98 12 91 89 97 59 81 4 51
59 20 71 93 66 6 76 11 19 48 26 89 39 52 82 1 4 32 36 90
66 85 12 77 2 2 86 73 54 55 74 56 68 46 54 65 55 43 81 72
17 56 33 31 83 34 82 68 31 56 93 48 15 9 74 30 100 12 43 55
34 92 97 74 95 5 92 47 45 10 61 62 50 65 59 9 25 35 46 37
70 59 90 57 13 99 93 80 56 41 19 86 98 6 25 14 67 22 7 32
34 66 36 14 100 91 90 84 26 59 81 95 15 48 18 34 96 25 27 55
32 3 35 56 48 92 52 16 38 14 36 91 43 82 48 57 96 8 93 42
11 23 31 55 19 94 39 13 71 70 10 35 82 75 88 60 99 4 84 23
57 55 41 72 38 98 23 4 69 80 25 26 76 91 80 2 80 3 52 49
26 76 61 85 17 26 63 52 25 53 29 58 46 60 73 54 42 75 73 69
65 42 63 58 83 62 35 91 62 12 17 73 88 60 51 78 49 55 73 36
13 20 84 27 37 11 82 43 76 10 33 74 88 35 76 96 86 93 63 53
100 95 86 93 71 36 81 31 8 63 77 25 2 81 48 22 40 3 82 99
39 36 10 58 32 70 8 74 93 1 76 13 99 46 68 58 20 67 17 71
82 36 3 89 97 22 51 96 69 33 43 14 14 43 22 47 72 100 68 64
68 27 73 56 25 25 71 92 65 85 70 76 69 90 79 14 6 23 62 10
50 35 27 95 83 93 40 1 47 21 11 95 78 44 6 95 51 30 87 47
23 16 27 66 58 97 89 35 97 37 14 28 15 65 26 72 53 54 19 73
82 28 76 59 68 33 12 67 54 71 85 51 80 43 56 52 55 35 79 45
75 69 67 87 41 19 64 12 83 16 4 50 35 84 60 1 90 42 68 43
82 46 22 48 42 5 5 83 53 89 63 25 86 79 36 52 19 38 99 83
55 70 67 87 47 44 79 82 13 85 57 13 23 64 69 100 21 53 94 75
80 44 84 34 100 46 84 100 5 18 94 69 47 18 92 86 53 75 78 90
36 45 58 1 33 100 41 96 94 74 71 6 40 39 9 86 44 19 66 98
64 15 11 44 22 49 24 68 90 20 70 56 57 18 43 1 76 17 66 100
81 86 63 88 4 3 85 4 14 90 54 65 78 85 20 70 52 38 5 50
19 62 35 29 19 5 58 19 100 6 34 20 79 97 44 71 86 62 59 24
62 94 32 51 38 2 88 69 94 98 97 79 12 45 22 66 54 72 19 3
80 55 40 39 95 58 25 46 22 71 78 35 65 20 48 70 14 49 1 61
60 38 1 26 30 34 26 65 62 44 20 98 51 76 48 20 24 34 81 37
16 4 23 2 36 84 44 85 12 26 78 42 40 63 83 36 23 94 27 20
51 98 48 95 98 11 98 63 89 40 51 5 33 59 47 27 10 31 29 38
13 42 28 96 33 7 94 56 85 96 36 63 25 28 65 88 69 15 34 15
92 31 60 54 21 20 17 34 38 8 84 63 92 74 63 48 76 93 29 11
79 96 82 24 49 38 40 78 17 37 72 32 83 78 61 22 89 93 53 77
24 26 94 93 7 3 17 38 48 3 50 29 99 77 42 56 32 99 20 31
22 77 51 97 42 75 3 58 78 67 58 52 26 9 12 83 9 76 35 17
86 47 64 73 28 78 12 43 73 35 38 98 56 2 30 78 31 31 13 8
21 78 17 14 8 25 40 90 11 11 25 60 57 48 5 12 74 48 18 29
38 28 21 66 20 60 80 15 95 17 47 6 32 96 72 60 75 2 86 56
4 68 96 5 89 60 58 2 94 62 89 49 60 34 18 58 51 61 39 71
17 11 95 100 64 32 67 11 93 55 87 75 83 71 44 42 20 45 43 48
9 30 76 42 34 8 4 71 20 17 95 78 51 95 82 96 5 54 64 46
83 27 51 88 5 63 13 46 54 64 75 79 70 32 79 3 27 77 33 79
77 26 7 4 88 4 18 92 57 50 21 16 93 80 13 95 36 11 28 40
43 33 82 100 4 39 72 38 67 65 66 60 14 3 66 84 67 79 31 53
5 91 56 8 21 100 90 50 32 11 22 9 46 80 95 29 18 30 5 83
12 5 52 87 30 38 29 81 32 48 33 18 56 81 97 98 88 59 55 7
55 58 87 42 9 32 11 18 88 36 21 48 13 47 70 35 29 49 70 22
45 18 1 83 12 28 57 64 59 99 57 29 6 75 15 59 6 65 2 1
21 15 5 32 14 8 4 31 10 77 42 57 81 39 16 21 3 27 95 10
76 77 5 16 70 11 27 94 85 77 81 27 65 43 38 5 2 16 52 6
